class MyClass(GeneratedClass):
    def __init__(self):
        GeneratedClass.__init__(self)

    def onLoad(self):
        #put initialization code here
        pass

    def onUnload(self):
        #put clean-up code here
        pass

    def onInput_onStart(self):
        #self.onStopped() #activate the output of the box
        # Choregraphe simplified export in Python.
        # Choregraphe simplified export in Python.
        from naoqi import ALProxy
        names = list()
        times = list()
        keys = list()
        
        names.append("LAnklePitch")
        times.append([0.52, 1.04, 1.52, 2.04, 2.52, 3.04, 3.52, 4.04, 4.52, 5.04, 5.52, 6.04, 6.52, 7.04, 7.52, 8.04, 8.52])
        keys.append([-1.18944, -1.18944, -1.18944, -1.18944, -1.18944, -1.16435, -1.0447, -0.874422, -0.711818, -0.541544, -0.429562, -0.346726, -0.259288, -0.236278, -0.236278, -0.236278, -0.236278])
        
        names.append("LAnkleRoll")
        times.append([0.52, 1.04, 1.52, 2.04, 2.52, 3.04, 3.52, 4.04, 4.52, 5.04, 5.52, 6.04, 6.52, 7.04, 7.52, 8.04, 8.52])
        keys.append([0.0322559, 0.0322559, 0.0322559, 0.0322559, 0.0322559, 0.0291879, 0.0291879, 0.019984, 0.0138481, 4.19617e-05, -0.00609398, -0.0229681, -0.0413761, -0.0398421, -0.0383081, -0.0383081, -0.0383081])
        
        names.append("LHipPitch")
        times.append([0.52, 1.04, 1.52, 2.04, 2.52, 3.04, 3.52, 4.04, 4.52, 5.04, 5.52, 6.04, 6.52, 7.04, 7.52, 8.04, 8.52])
        keys.append([-0.685656, -0.688724, -0.693326, -0.693326, -0.690258, -0.621228, -0.523052, -0.438682, -0.374254, -0.302156, -0.246932, -0.0966001, -0.0337059, 0.00310993, 0.00464392, 0.00310993, 0.00310993])
        
        """
        names.append("LHipRoll")
        times.append([0.52, 1.04, 1.52, 2.04, 2.52, 3.04, 3.52, 4.04, 4.52, 5.04, 5.52, 6.04, 6.52, 7.04, 7.52, 8.04, 8.52, 9.04, 9.52])
        keys.append([-0.082794, -0.079726, -0.0720561, -0.0674541, -0.053648, -0.049046, -0.0459781, -0.0444441, -0.0413761, 0.00924587, 0.023052, 0.0276539, 0.0276539, 0.0276539, 0.0276539, 0.0276539, 0.0276539, 0.0276539, 0.0276539])
        """
        
        """
        names.append("LHipYawPitch")
        times.append([0.52, 1.04, 1.52, 2.04, 2.52, 3.04, 3.52, 4.04, 4.52, 5.04, 5.52, 6.04, 6.52, 7.04, 7.52, 8.04, 8.52, 9.04, 9.52])
        keys.append([0.0261199, 0.0261199, 0.0276539, 0.0276539, 0.0291879, 0.0291879, 0.0291879, 0.0291879, 0.0291879, 0.0291879, 0.0291879, 0.0291879, 0.0291879, 0.0291879, 0.0291879, 0.0291879, 0.0291879, 0.0291879, 0.0291879])
        """
        
        names.append("LKneePitch")
        times.append([0.52, 1.04, 1.52, 2.04, 2.52, 3.04, 3.52, 4.04, 4.52, 5.04, 5.52, 6.04, 6.52, 7.04, 7.52, 8.04, 8.52])
        keys.append([2.11255, 2.11255, 2.11255, 2.11255, 2.11255, 2.01103, 1.78247, 1.54316, 1.30999, 1.05075, 0.858998, 0.653442, 0.460158, 0.421808, 0.421808, 0.421808, 0.421808])
        
        names.append("RAnklePitch")
        times.append([0.52, 1.04, 1.52, 2.04, 2.52, 3.04, 3.52, 4.04, 4.52, 5.04, 5.52, 6.04, 6.52, 7.04, 7.52, 8.04, 8.52])
        keys.append([-1.1863, -1.1863, -1.1863, -1.1863, -1.1863, -1.17807, -1.05228, -0.905018, -0.743948, -0.578276, -0.469362, -0.34971, -0.197844, -0.144154, -0.144154, -0.145688, -0.145688])
        
        names.append("RAnkleRoll")
        times.append([0.52, 1.04, 1.52, 2.04, 2.52, 3.04, 3.52, 4.04, 4.52, 5.04, 5.52, 6.04, 6.52, 7.04, 7.52, 8.04, 8.52])
        keys.append([-0.0758697, -0.0758697, -0.0758697, -0.0758697, -0.0758697, -0.0781068, -0.0966001, -0.0950661, -0.0919981, -0.0873961, -0.0843279, -0.082794, -0.0843279, -0.0843279, -0.0843279, -0.0858622, -0.0858622])
        """
        names.append("RElbowRoll")
        times.append([0.52, 1.04, 1.52, 2.04, 2.52, 3.04, 3.52, 4.04, 4.52, 5.04, 5.52, 6.04, 6.52, 7.04, 7.52, 8.04, 8.52, 9.04, 9.52])
        keys.append([1.49416, 1.48342, 1.48035, 1.46194, 1.42359, 1.41592, 1.34843, 1.26559, 1.15668, 1.0447, 0.918908, 0.783916, 0.77778, 0.77778, 0.77778, 0.776246, 0.77778, 0.77778, 0.77778])
        
        names.append("RElbowYaw")
        times.append([0.52, 1.04, 1.52, 2.04, 2.52, 3.04, 3.52, 4.04, 4.52, 5.04, 5.52, 6.04, 6.52, 7.04, 7.52, 8.04, 8.52, 9.04, 9.52])
        keys.append([1.80394, 1.80394, 1.80394, 1.80394, 1.80241, 1.80087, 1.79934, 1.784, 1.75179, 1.7165, 1.67048, 1.61679, 1.61373, 1.61219, 1.61219, 1.61219, 1.61219, 1.61219, 1.61219])
        
        names.append("RHand")
        times.append([0.52, 1.04, 1.52, 2.04, 2.52, 3.04, 3.52, 4.04, 4.52, 5.04, 5.52, 6.04, 6.52, 7.04, 7.52, 8.04, 8.52, 9.04, 9.52])
        keys.append([0.3156, 0.3156, 0.3156, 0.3156, 0.3156, 0.3156, 0.3156, 0.3156, 0.3156, 0.3156, 0.3156, 0.3156, 0.3156, 0.3156, 0.3156, 0.3156, 0.3156, 0.3156, 0.3156])
        """
        names.append("RHipPitch")
        times.append([0.52, 1.04, 1.52, 2.04, 2.52, 3.04, 3.52, 4.04, 4.52, 5.04, 5.52, 6.04, 6.52, 7.04, 7.52, 8.04, 8.52])
        keys.append([-0.698012, -0.702614, -0.707216, -0.70875, -0.702614, -0.630516, -0.535408, -0.452572, -0.395814, -0.32525, -0.277696, -0.113558, 0.00762796, 0.0935321, 0.0935321, 0.0919981, 0.0904641])
        
        """
        names.append("RHipRoll")
        times.append([0.52, 1.04, 1.52, 2.04, 2.52, 3.04, 3.52, 4.04, 4.52, 5.04, 5.52, 6.04, 6.52, 7.04, 7.52, 8.04, 8.52, 9.04, 9.52])
        keys.append([0.0874801, 0.0874801, 0.0874801, 0.0874801, 0.0874801, 0.0874801, 0.0874801, 0.0874801, 0.0874801, 0.0874801, 0.0874801, 0.0874801, 0.0874801, 0.0890141, 0.0874801, 0.0874801, 0.0890141, 0.0890141, 0.0890141])
        """
        
        """
        names.append("RHipYawPitch")
        times.append([0.52, 1.04, 1.52, 2.04, 2.52, 3.04, 3.52, 4.04, 4.52, 5.04, 5.52, 6.04, 6.52, 7.04, 7.52, 8.04, 8.52, 9.04, 9.52])
        keys.append([0.0261199, 0.0261199, 0.0276539, 0.0276539, 0.0291879, 0.0291879, 0.0291879, 0.0291879, 0.0291879, 0.0291879, 0.0291879, 0.0291879, 0.0291879, 0.0291879, 0.0291879, 0.0291879, 0.0291879, 0.0291879, 0.0291879])
        """
        
        names.append("RKneePitch")
        times.append([0.52, 1.04, 1.52, 2.04, 2.52, 3.04, 3.52, 4.04, 4.52, 5.04, 5.52, 6.04, 6.52, 7.04, 7.52, 8.04, 8.52])
        keys.append([2.11255, 2.11255, 2.11255, 2.11255, 2.11255, 2.03566, 1.81016, 1.58006, 1.35303, 1.09532, 0.912772, 0.673468, 0.3636, 0.237812, 0.24088, 0.24088, 0.24088])
        """
        names.append("RShoulderPitch")
        times.append([0.52, 1.04, 1.52, 2.04, 2.52, 3.04, 3.52, 4.04, 4.52, 5.04, 5.52, 6.04, 6.52, 7.04, 7.52, 8.04, 8.52, 9.04, 9.52])
        keys.append([0.228608, 0.145772, 0.0598679, -0.00149202, -0.049046, -0.128814, -0.213184, -0.331302, -0.473964, -0.651908, -0.854396, -0.914222, -0.920358, -0.923426, -0.929562, -0.929562, -0.931096, -0.93263, -0.949504])
      
        names.append("RShoulderRoll")
        times.append([0.52, 1.04, 1.52, 2.04, 2.52, 3.04, 3.52, 4.04, 4.52, 5.04, 5.52, 6.04, 6.52, 7.04, 7.52, 8.04, 8.52, 9.04, 9.52])
        keys.append([-0.121228, -0.159578, -0.207132, -0.260822, -0.289968, -0.335988, -0.382008, -0.411154, -0.420358, -0.458708, -0.481718, -0.475582, -0.474048, -0.469446, -0.464844, -0.460242, -0.457174, -0.45564, -0.451038])
        
        names.append("RWristYaw")
        times.append([0.52, 1.04, 1.52, 2.04, 2.52, 3.04, 3.52, 4.04, 4.52, 5.04, 5.52, 6.04, 6.52, 7.04, 7.52, 8.04, 8.52, 9.04, 9.52])
        keys.append([0.055182, 0.055182, 0.075124, 0.168698, 0.168698, 0.168698, 0.168698, 0.168698, 0.168698, 0.168698, 0.168698, 0.168698, 0.168698, 0.168698, 0.168698, 0.168698, 0.168698, 0.168698, 0.168698])
        """
        """
        names.append("LElbowRoll")
        times.append([0.52, 1.04, 1.52, 2.04, 2.52, 3.04, 3.52, 4.04, 4.52, 5.04, 5.52, 6.04, 6.52, 7.04, 7.52, 8.04, 8.52, 9.04, 9.2, 9.52, 10.04, 10.52, 11.04, 11.52, 12.04])
        keys.append([-0.116542, -0.116542, -0.116542, -0.116542, -0.116542, -0.116542, -0.116542, -0.116542, -0.116542, -0.116542, -0.116542, -0.116542, -0.116542, -0.116542, -0.116542, -0.116542, -0.116542, -0.116542, -0.105804, -0.116542, -0.116542, -0.116542, -0.116542, -0.116542, -0.116542])
        """
        
        """
        names.append("LElbowYaw")
        times.append([0.52, 1.04, 1.52, 2.04, 2.52, 3.04, 3.52, 4.04, 4.52, 5.04, 5.52, 6.04, 6.52, 7.04, 7.52, 8.04, 8.52, 9.04, 9.2, 9.52, 10.04, 10.52, 11.04, 11.52, 12.04])
        keys.append([-0.405018, -0.405018, -0.405018, -0.405018, -0.405018, -0.405018, -0.405018, -0.405018, -0.405018, -0.405018, -0.405018, -0.405018, -0.405018, -0.405018, -0.405018, -0.405018, -0.405018, -0.405018, -0.415756, -0.405018, -0.405018, -0.405018, -0.405018, -0.405018, -0.405018])
        """
        
        """
        names.append("LHand")
        times.append([0.52, 1.04, 1.52, 2.04, 2.52, 3.04, 3.52, 4.04, 4.52, 5.04, 5.52, 6.04, 6.52, 7.04, 7.52, 8.04, 8.52, 9.04, 9.2, 9.52, 10.04, 10.52, 11.04, 11.52, 12.04])
        keys.append([0.2944, 0.2948, 0.2948, 0.2948, 0.2948, 0.2948, 0.2948, 0.2948, 0.2948, 0.2948, 0.2948, 0.2948, 0.2948, 0.2948, 0.2948, 0.2944, 0.2948, 0.2948, 0.0108, 0.2948, 0.2944, 0.2944, 0.2944, 0.2948, 0.2948])
        """
        
        """
        names.append("LShoulderPitch")
        times.append([0.52, 1.04, 1.52, 2.04, 2.52, 3.04, 3.52, 4.04, 4.52, 5.04, 5.52, 6.04, 6.52, 7.04, 7.52, 8.04, 8.52, 9.04, 9.2, 9.52, 10.04, 10.52, 11.04, 11.52, 12.04])
        keys.append([1.22102, 1.22102, 1.22102, 1.22102, 1.22102, 1.22102, 1.22102, 1.22102, 1.22102, 1.22102, 1.22102, 1.22102, 1.22102, 1.22102, 1.22409, 1.23329, 1.23483, 1.23636, 1.2517, 1.2379, 1.23636, 1.2379, 1.2379, 1.2379, 1.2379])
        """
        
        """
        names.append("LShoulderRoll")
        times.append([0.52, 1.04, 1.52, 2.04, 2.52, 3.04, 3.52, 4.04, 4.52, 5.04, 5.52, 6.04, 6.52, 7.04, 7.52, 8.04, 8.52, 9.04, 9.2, 9.52, 10.04, 10.52, 11.04, 11.52, 12.04])
        keys.append([0.0152981, 0.0137641, 0.0152981, 0.0152981, 0.0152981, 0.0152981, 0.0152981, 0.0152981, 0.0152981, 0.0137641, 0.0152981, 0.0152981, 0.0152981, 0.0152981, 0.0152981, 0.0137641, 0.0137641, 0.0137641, 0.00455999, 0.0137641, 0.0152981, 0.0137641, 0.0137641, 0.0122299, 0.0122299])
        """
        
        """
        names.append("LWristYaw")
        times.append([0.52, 1.04, 1.52, 2.04, 2.52, 3.04, 3.52, 4.04, 4.52, 5.04, 5.52, 6.04, 6.52, 7.04, 7.52, 8.04, 8.52, 9.04, 9.2, 9.52, 10.04, 10.52, 11.04, 11.52, 12.04])
        keys.append([-0.576826, -0.575292, -0.576826, -0.576826, -0.575292, -0.576826, -0.576826, -0.575292, -0.576826, -0.575292, -0.576826, -0.576826, -0.575292, -0.575292, -0.576826, -0.575292, -0.575292, -0.575292, -0.567622, -0.575292, -0.575292, -0.576826, -0.575292, -0.575292, -0.576826])
        """
        
        try:
          # uncomment the following line and modify the IP if you use this script outside Choregraphe.
          # motion = ALProxy("ALMotion", IP, 9559)
          motion = ALProxy("ALMotion")
          motion.angleInterpolation(names, keys, times, True)
        except BaseException, err:
          print err
        self.onStopped()


    def onInput_onStop(self):
        self.onUnload() #it is recommended to reuse the clean-up as the box is stopped
        self.onStopped() #activate the output of the box
