class MyClass(GeneratedClass):
    def __init__(self):
        GeneratedClass.__init__(self)

    def onLoad(self):
        #put initialization code here
        pass

    def onUnload(self):
        #put clean-up code here
        pass

    def onInput_onStart(self):
        # Choregraphe simplified export in Python.
        from naoqi import ALProxy
        names = list()
        times = list()
        keys = list()
        
        names.append("RElbowRoll")
        times.append([0.52, 1.04, 1.52, 2.04, 2.52, 3.04, 3.52, 4.04, 4.52, 5.04, 5.52, 6.04, 6.52, 7.04, 7.52, 8.04, 8.52])
        keys.append([1.5095, 1.5095, 1.5141, 1.52484, 1.53097, 1.47268, 1.25332, 1.21344, 1.2119, 1.21344, 1.4374, 1.54462, 1.54462, 1.54462, 1.54462, 1.54462, 1.54462])
        
        names.append("RElbowYaw")
        times.append([0.52, 1.04, 1.52, 2.04, 2.52, 3.04, 3.52, 4.04, 4.52, 5.04, 5.52, 6.04, 6.52, 7.04, 7.52, 8.04, 8.52])
        keys.append([1.44345, 1.44192, 1.44345, 1.50328, 1.66128, 1.9328, 2.08567, 2.08567, 2.08567, 2.08567, 2.04785, 1.8699, 1.7886, 1.7886, 1.7886, 1.7886, 1.7886])
        
        names.append("RHand")
        times.append([0.52, 1.04, 1.52, 2.04, 2.52, 3.04, 3.52, 4.04, 4.52, 5.04, 5.52, 6.04, 6.52, 7.04, 7.52, 8.04, 8.52])
        keys.append([0.3156, 0.3156, 0.3156, 0.3156, 0.3156, 0.3156, 0.3156, 0.3156, 0.3156, 0.3152, 0.3156, 0.3156, 0.3156, 0.3156, 0.3156, 0.3156, 0.3156])
        
        names.append("RShoulderPitch")
        times.append([0.52, 1.04, 1.52, 2.04, 2.52, 3.04, 3.52, 4.04, 4.52, 5.04, 5.52, 6.04, 6.52, 7.04, 7.52, 8.04, 8.52])
        keys.append([0.173384, 0.173384, 0.174918, 0.17185, 0.170316, 0.177986, 0.177986, 0.177986, 0.17952, 0.17952, 0.17952, 0.181054, 0.191792, 0.207132, 0.207132, 0.207132, 0.207132])
        
        names.append("RShoulderRoll")
        times.append([0.52, 1.04, 1.52, 2.04, 2.52, 3.04, 3.52, 4.04, 4.52, 5.04, 5.52, 6.04, 6.52, 7.04, 7.52, 8.04, 8.52])
        keys.append([0.309826, 0.309826, 0.28835, 0.11961, -0.0844119, -0.2869, -0.472514, -0.500126, -0.506262, -0.507796, -0.412688, -0.23321, -0.15651, -0.16418, -0.162646, -0.159578, -0.159578])
        
        names.append("RWristYaw")
        times.append([0.52, 1.04, 1.52, 2.04, 2.52, 3.04, 3.52, 4.04, 4.52, 5.04, 5.52, 6.04, 6.52, 7.04, 7.52, 8.04, 8.52])
        keys.append([-0.431096, -0.431096, -0.431096, -0.283832, -0.159578, -0.112024, -0.112024, -0.112024, -0.112024, -0.112024, -0.00310993, 0.0352399, 0.0352399, 0.029104, 0.029104, 0.029104, 0.029104])
        
        """
        names.append("LAnklePitch")
        times.append([0.52, 1.04, 1.52, 2.04, 2.52, 3.04, 3.52, 4.04, 4.52, 5.04, 5.52, 6.04, 6.52, 7.04, 7.52, 8.04, 8.52, 9.04, 9.52, 10.04, 10.52, 11.04, 11.52, 12.04, 12.52, 13.04, 13.52, 14.04, 14.52, 15.04, 15.52, 16.04, 16.52, 17.04, 17.52, 18.04, 18.52, 19.04, 19.52, 20.04, 20.52, 21.04, 21.52])
        keys.append([-1.18944, -1.18944, -1.18944, -1.18944, -1.18944, -1.18944, -1.18944, -1.18944, -1.18944, -1.18944, -1.18944, -1.18944, -1.18944, -1.18944, -1.15208, -1.00635, -0.87749, -0.790052, -0.658128, -0.590632, -0.530806, -0.47098, -0.443368, -0.443368, -0.443368, -0.446436, -0.449504, -0.444902, -0.454106, -0.45564, -0.452572, -0.443368, -0.452572, -0.457174, -0.464844, -0.483252, -0.576826, -0.615176, -0.62438, -0.622846, -0.628982, -0.635118, -0.63972])
        """
        
        """
        names.append("LAnkleRoll")
        times.append([0.52, 1.04, 1.52, 2.04, 2.52, 3.04, 3.52, 4.04, 4.52, 5.04, 5.52, 6.04, 6.52, 7.04, 7.52, 8.04, 8.52, 9.04, 9.52, 10.04, 10.52, 11.04, 11.52, 12.04, 12.52, 13.04, 13.52, 14.04, 14.52, 15.04, 15.52, 16.04, 16.52, 17.04, 17.52, 18.04, 18.52, 19.04, 19.52, 20.04, 20.52, 21.04, 21.52])
        keys.append([0.069072, 0.069072, 0.069072, 0.069072, 0.069072, 0.069072, 0.069072, 0.069072, 0.069072, 0.069072, 0.069072, 0.070606, 0.070606, 0.069072, 0.069072, 0.070606, 0.067538, 0.0598679, 0.0552659, 0.0337899, 0.0322559, 0.0307219, 0.0307219, 0.0307219, 0.0276539, 0.024586, 0.024586, 0.0276539, 0.0276539, 0.0276539, 0.0261199, 0.0261199, 0.0291879, 0.0291879, 0.0337899, 0.0383921, 0.0291879, 0.0307219, 0.0353239, 0.0337899, 0.0337899, 0.0337899, 0.0322559])
        """
        
        """
        names.append("LElbowRoll")
        times.append([0.52, 1.04, 1.52, 2.04, 2.52, 3.04, 3.52, 4.04, 4.52, 5.04, 5.52, 6.04, 6.52, 7.04, 7.52, 8.04, 8.52, 9.04, 9.2, 9.52, 10.04, 10.52, 11.04, 11.52, 12.04])
        keys.append([-0.116542, -0.116542, -0.116542, -0.116542, -0.116542, -0.116542, -0.116542, -0.116542, -0.116542, -0.116542, -0.116542, -0.116542, -0.116542, -0.116542, -0.116542, -0.116542, -0.116542, -0.116542, -0.105804, -0.116542, -0.116542, -0.116542, -0.116542, -0.116542, -0.116542])
        """
        
        """
        names.append("LElbowYaw")
        times.append([0.52, 1.04, 1.52, 2.04, 2.52, 3.04, 3.52, 4.04, 4.52, 5.04, 5.52, 6.04, 6.52, 7.04, 7.52, 8.04, 8.52, 9.04, 9.2, 9.52, 10.04, 10.52, 11.04, 11.52, 12.04])
        keys.append([-0.405018, -0.405018, -0.405018, -0.405018, -0.405018, -0.405018, -0.405018, -0.405018, -0.405018, -0.405018, -0.405018, -0.405018, -0.405018, -0.405018, -0.405018, -0.405018, -0.405018, -0.405018, -0.415756, -0.405018, -0.405018, -0.405018, -0.405018, -0.405018, -0.405018])
        """
        
        """
        names.append("LHand")
        times.append([0.52, 1.04, 1.52, 2.04, 2.52, 3.04, 3.52, 4.04, 4.52, 5.04, 5.52, 6.04, 6.52, 7.04, 7.52, 8.04, 8.52, 9.04, 9.2, 9.52, 10.04, 10.52, 11.04, 11.52, 12.04])
        keys.append([0.2944, 0.2948, 0.2948, 0.2948, 0.2948, 0.2948, 0.2948, 0.2948, 0.2948, 0.2948, 0.2948, 0.2948, 0.2948, 0.2948, 0.2948, 0.2944, 0.2948, 0.2948, 0.0108, 0.2948, 0.2944, 0.2944, 0.2944, 0.2948, 0.2948])
        """
        
        """
        names.append("LHipPitch")
        times.append([0.52, 1.04, 1.52, 2.04, 2.52, 3.04, 3.52, 4.04, 4.52, 5.04, 5.52, 6.04, 6.52, 7.04, 7.52, 8.04, 8.52, 9.04, 9.52, 10.04, 10.52, 11.04, 11.52, 12.04, 12.52, 13.04, 13.52, 14.04, 14.52, 15.04, 15.52, 16.04, 16.52, 17.04, 17.52, 18.04, 18.52, 19.04, 19.52, 20.04, 20.52, 21.04, 21.52])
        keys.append([-0.851328, -0.851328, -0.851328, -0.851328, -0.849794, -0.854396, -0.862066, -0.866668, -0.865134, -0.8636, -0.868202, -0.87894, -0.87894, -0.837522, -0.75622, -0.754686, -0.704064, -0.615092, -0.546062, -0.38806, -0.276078, -0.228524, -0.225456, -0.223922, -0.225456, -0.225456, -0.225456, -0.22699, -0.23466, -0.236194, -0.236194, -0.233126, -0.240796, -0.251534, -0.259204, -0.28068, -0.286816, -0.291418, -0.299088, -0.300622, -0.30369, -0.308292, -0.323632])
        """
        
        """
        names.append("LHipRoll")
        times.append([0.52, 1.04, 1.52, 2.04, 2.52, 3.04, 3.52, 4.04, 4.52, 5.04, 5.52, 6.04, 6.52, 7.04, 7.52, 8.04, 8.52, 9.04, 9.52, 10.04, 10.52, 11.04, 11.52, 12.04, 12.52, 13.04, 13.52, 14.04, 14.52, 15.04, 15.52, 16.04, 16.52, 17.04, 17.52, 18.04, 18.52, 19.04, 19.52, 20.04, 20.52, 21.04, 21.52])
        keys.append([-0.0873961, -0.0873961, -0.0873961, -0.0873961, -0.0873961, -0.0873961, -0.0873961, -0.0873961, -0.0873961, -0.0873961, -0.0873961, -0.0873961, -0.0873961, -0.0858622, -0.0858622, -0.08126, -0.08126, -0.0705221, -0.0674541, -0.0459781, -0.0429101, -0.0413761, -0.0413761, -0.0429101, -0.0429101, -0.0413761, -0.0429101, -0.0429101, -0.0429101, -0.0429101, -0.0429101, -0.0459781, -0.049046, -0.0475121, -0.0475121, -0.0475121, -0.0475121, -0.0475121, -0.0475121, -0.049046, -0.049046, -0.049046, -0.049046])
        """
        
        """
        names.append("LHipYawPitch")
        times.append([0.52, 1.04, 1.52, 2.04, 2.52, 3.04, 3.52, 4.04, 4.52, 5.04, 5.52, 6.04, 6.52, 7.04, 7.52, 8.04, 8.52, 9.04, 9.52, 10.04, 10.52, 11.04, 11.52, 12.04, 12.52, 13.04, 13.52, 14.04, 14.52, 15.04, 15.52, 16.04, 16.52, 17.04, 17.52, 18.04, 18.52, 19.04, 19.52, 20.04, 20.52, 21.04, 21.52])
        keys.append([-0.25, -0.25, -0.25, -0.25, -0.25, -0.25, -0.25, -0.25, -0.25, -0.25, -0.25, -0.251534, -0.251534, -0.25, -0.25, -0.248466, -0.246932, -0.240796, -0.228524, -0.21932, -0.214718, -0.21165, -0.21165, -0.21165, -0.21165, -0.21165, -0.21165, -0.21165, -0.21165, -0.21165, -0.21165, -0.21165, -0.21165, -0.21165, -0.21165, -0.21165, -0.21165, -0.21165, -0.21165, -0.213184, -0.213184, -0.213184, -0.213184])
        """
        
        """
        names.append("LKneePitch")
        times.append([0.52, 1.04, 1.52, 2.04, 2.52, 3.04, 3.52, 4.04, 4.52, 5.04, 5.52, 6.04, 6.52, 7.04, 7.52, 8.04, 8.52, 9.04, 9.52, 10.04, 10.52, 11.04, 11.52, 12.04, 12.52, 13.04, 13.52, 14.04, 14.52, 15.04, 15.52, 16.04, 16.52, 17.04, 17.52, 18.04, 18.52, 19.04, 19.52, 20.04, 20.52, 21.04, 21.52])
        keys.append([2.11255, 2.11255, 2.11255, 2.11255, 2.11255, 2.11255, 2.11255, 2.11255, 2.11255, 2.11255, 2.11255, 2.11255, 2.11255, 2.07086, 1.93893, 1.76099, 1.5585, 1.37135, 1.16887, 0.983252, 0.831386, 0.747016, 0.7102, 0.711734, 0.708666, 0.705598, 0.707132, 0.708666, 0.708666, 0.708666, 0.7102, 0.720938, 0.753152, 0.753152, 0.768492, 0.814512, 0.938766, 0.987854, 1.0078, 1.0262, 1.03234, 1.03234, 1.05995])
        """
        
        """
        names.append("LShoulderPitch")
        times.append([0.52, 1.04, 1.52, 2.04, 2.52, 3.04, 3.52, 4.04, 4.52, 5.04, 5.52, 6.04, 6.52, 7.04, 7.52, 8.04, 8.52, 9.04, 9.2, 9.52, 10.04, 10.52, 11.04, 11.52, 12.04])
        keys.append([1.22102, 1.22102, 1.22102, 1.22102, 1.22102, 1.22102, 1.22102, 1.22102, 1.22102, 1.22102, 1.22102, 1.22102, 1.22102, 1.22102, 1.22409, 1.23329, 1.23483, 1.23636, 1.2517, 1.2379, 1.23636, 1.2379, 1.2379, 1.2379, 1.2379])
        """
        
        """
        names.append("LShoulderRoll")
        times.append([0.52, 1.04, 1.52, 2.04, 2.52, 3.04, 3.52, 4.04, 4.52, 5.04, 5.52, 6.04, 6.52, 7.04, 7.52, 8.04, 8.52, 9.04, 9.2, 9.52, 10.04, 10.52, 11.04, 11.52, 12.04])
        keys.append([0.0152981, 0.0137641, 0.0152981, 0.0152981, 0.0152981, 0.0152981, 0.0152981, 0.0152981, 0.0152981, 0.0137641, 0.0152981, 0.0152981, 0.0152981, 0.0152981, 0.0152981, 0.0137641, 0.0137641, 0.0137641, 0.00455999, 0.0137641, 0.0152981, 0.0137641, 0.0137641, 0.0122299, 0.0122299])
        """
        
        """
        names.append("LWristYaw")
        times.append([0.52, 1.04, 1.52, 2.04, 2.52, 3.04, 3.52, 4.04, 4.52, 5.04, 5.52, 6.04, 6.52, 7.04, 7.52, 8.04, 8.52, 9.04, 9.2, 9.52, 10.04, 10.52, 11.04, 11.52, 12.04])
        keys.append([-0.576826, -0.575292, -0.576826, -0.576826, -0.575292, -0.576826, -0.576826, -0.575292, -0.576826, -0.575292, -0.576826, -0.576826, -0.575292, -0.575292, -0.576826, -0.575292, -0.575292, -0.575292, -0.567622, -0.575292, -0.575292, -0.576826, -0.575292, -0.575292, -0.576826])
        """
        
        """
        names.append("RAnklePitch")
        times.append([0.52, 1.04, 1.52, 2.04, 2.52, 3.04, 3.52, 4.04, 4.52, 5.04, 5.52, 6.04, 6.52, 7.04, 7.52, 8.04, 8.52, 9.04, 9.52, 10.04, 10.52, 11.04, 11.52, 12.04, 12.52, 13.04, 13.52, 14.04, 14.52, 15.04, 15.52, 16.04, 16.52, 17.04, 17.52, 18.04, 18.52, 19.04, 19.52, 20.04, 20.52, 21.04, 21.52])
        keys.append([-1.1863, -1.1863, -1.1863, -1.1863, -1.1863, -1.1863, -1.1863, -1.1863, -1.1863, -1.1863, -1.1863, -1.1863, -1.1863, -1.1863, -1.175, -1.03387, -0.898882, -0.797638, -0.67185, -0.604354, -0.539926, -0.486236, -0.454022, -0.454022, -0.455556, -0.463226, -0.467828, -0.455556, -0.461692, -0.469362, -0.469362, -0.466294, -0.470896, -0.475498, -0.477032, -0.481634, -0.599752, -0.642704, -0.64117, -0.64884, -0.65651, -0.66418, -0.673384])
        """
        
        """
        names.append("RAnkleRoll")
        times.append([0.52, 1.04, 1.52, 2.04, 2.52, 3.04, 3.52, 4.04, 4.52, 5.04, 5.52, 6.04, 6.52, 7.04, 7.52, 8.04, 8.52, 9.04, 9.52, 10.04, 10.52, 11.04, 11.52, 12.04, 12.52, 13.04, 13.52, 14.04, 14.52, 15.04, 15.52, 16.04, 16.52, 17.04, 17.52, 18.04, 18.52, 19.04, 19.52, 20.04, 20.52, 21.04, 21.52])
        keys.append([-0.0758697, -0.0758697, -0.0758697, -0.0758697, -0.0758697, -0.0758697, -0.0758697, -0.0758697, -0.0758697, -0.0758697, -0.0758697, -0.0758697, -0.0758697, -0.075124, -0.0689881, -0.0659201, -0.0659201, -0.05058, -0.0444441, -0.0429101, -0.0429101, -0.0429101, -0.0429101, -0.0444441, -0.0444441, -0.0444441, -0.0444441, -0.0429101, -0.0429101, -0.0429101, -0.0429101, -0.0444441, -0.0429101, -0.0429101, -0.0398421, -0.0337059, -0.0383081, -0.0383081, -0.0352399, -0.0367742, -0.0352399, -0.0352399, -0.0367742])
        """
        
        """
        names.append("RHipPitch")
        times.append([0.52, 1.04, 1.52, 2.04, 2.52, 3.04, 3.52, 4.04, 4.52, 5.04, 5.52, 6.04, 6.52, 7.04, 7.52, 8.04, 8.52, 9.04, 9.52, 10.04, 10.52, 11.04, 11.52, 12.04, 12.52, 13.04, 13.52, 14.04, 14.52, 15.04, 15.52, 16.04, 16.52, 17.04, 17.52, 18.04, 18.52, 19.04, 19.52, 20.04, 20.52, 21.04, 21.52])
        keys.append([-0.842208, -0.840674, -0.840674, -0.842208, -0.842208, -0.84681, -0.857548, -0.860616, -0.857548, -0.852946, -0.860616, -0.872888, -0.866752, -0.814596, -0.730226, -0.722556, -0.676536, -0.57836, -0.504728, -0.329852, -0.200996, -0.138102, -0.131966, -0.130432, -0.131966, -0.131966, -0.136568, -0.14117, -0.153442, -0.154976, -0.158044, -0.16418, -0.177986, -0.188724, -0.188724, -0.20253, -0.230142, -0.230142, -0.230142, -0.24088, -0.245482, -0.251618, -0.273094])
        """
        
        """
        names.append("RHipRoll")
        times.append([0.52, 1.04, 1.52, 2.04, 2.52, 3.04, 3.52, 4.04, 4.52, 5.04, 5.52, 6.04, 6.52, 7.04, 7.52, 8.04, 8.52, 9.04, 9.52, 10.04, 10.52, 11.04, 11.52, 12.04, 12.52, 13.04, 13.52, 14.04, 14.52, 15.04, 15.52, 16.04, 16.52, 17.04, 17.52, 18.04, 18.52, 19.04, 19.52, 20.04, 20.52, 21.04, 21.52])
        keys.append([0.0598679, 0.0598679, 0.0598679, 0.0598679, 0.0598679, 0.0598679, 0.0598679, 0.0598679, 0.0598679, 0.0598679, 0.0598679, 0.0598679, 0.0598679, 0.0598679, 0.0583339, 0.0583339, 0.0583339, 0.0583339, 0.0583339, 0.0583339, 0.0567999, 0.0567999, 0.0567999, 0.0567999, 0.0567999, 0.0567999, 0.0567999, 0.0567999, 0.0567999, 0.0567999, 0.0583339, 0.0567999, 0.0583339, 0.0583339, 0.0567999, 0.0583339, 0.0567999, 0.0567999, 0.0567999, 0.0567999, 0.0552659, 0.0567999, 0.0567999])
        """
        
        """
        names.append("RHipYawPitch")
        times.append([0.52, 1.04, 1.52, 2.04, 2.52, 3.04, 3.52, 4.04, 4.52, 5.04, 5.52, 6.04, 6.52, 7.04, 7.52, 8.04, 8.52, 9.04, 9.52, 10.04, 10.52, 11.04, 11.52, 12.04, 12.52, 13.04, 13.52, 14.04, 14.52, 15.04, 15.52, 16.04, 16.52, 17.04, 17.52, 18.04, 18.52, 19.04, 19.52, 20.04, 20.52, 21.04, 21.52])
        keys.append([-0.25, -0.25, -0.25, -0.25, -0.25, -0.25, -0.25, -0.25, -0.25, -0.25, -0.25, -0.251534, -0.251534, -0.25, -0.25, -0.248466, -0.246932, -0.240796, -0.228524, -0.21932, -0.214718, -0.21165, -0.21165, -0.21165, -0.21165, -0.21165, -0.21165, -0.21165, -0.21165, -0.21165, -0.21165, -0.21165, -0.21165, -0.21165, -0.21165, -0.21165, -0.21165, -0.21165, -0.21165, -0.213184, -0.213184, -0.213184, -0.213184])
        """
        
        """
        names.append("RKneePitch")
        times.append([0.52, 1.04, 1.52, 2.04, 2.52, 3.04, 3.52, 4.04, 4.52, 5.04, 5.52, 6.04, 6.52, 7.04, 7.52, 8.04, 8.52, 9.04, 9.52, 10.04, 10.52, 11.04, 11.52, 12.04, 12.52, 13.04, 13.52, 14.04, 14.52, 15.04, 15.52, 16.04, 16.52, 17.04, 17.52, 18.04, 18.52, 19.04, 19.52, 20.04, 20.52, 21.04, 21.52])
        keys.append([2.11255, 2.11255, 2.11255, 2.11255, 2.11255, 2.11255, 2.11255, 2.11255, 2.11255, 2.11255, 2.11255, 2.11255, 2.11255, 2.07248, 1.94669, 1.75954, 1.55705, 1.3561, 1.1398, 0.937316, 0.760906, 0.66273, 0.627448, 0.627448, 0.627448, 0.628982, 0.636652, 0.636652, 0.635118, 0.636652, 0.644322, 0.673468, 0.702614, 0.702614, 0.702614, 0.73176, 0.898966, 0.948054, 0.951122, 0.987938, 0.997142, 0.997142, 1.03549])
        """
        
        try:
          # uncomment the following line and modify the IP if you use this script outside Choregraphe.
          # motion = ALProxy("ALMotion", IP, 9559)
          motion = ALProxy("ALMotion")
          motion.angleInterpolation(names, keys, times, True)
        except BaseException, err:
          print err
         
        self.onStopped()
        
    def onInput_onStop(self):
        self.onUnload() #it is recommended to reuse the clean-up as the box is stopped
        self.onStopped() #activate the output of the box
